# Normalized airfoil coordinates (x, y)
0.633386 0.036689
0.618440 0.040431
0.603273 0.044136
0.587899 0.047791
0.572343 0.051375
0.556635 0.054873
0.540812 0.058269
0.524911 0.061547
0.508974 0.064690
0.493055 0.067684
0.477227 0.070515
0.461570 0.073173
0.446146 0.075640
0.431005 0.077908
0.416199 0.079964
0.401794 0.081794
0.387868 0.083399
0.374481 0.084796
0.361658 0.085987
0.349386 0.086972
0.337632 0.087760
0.326363 0.088369
0.315553 0.088826
0.305181 0.089150
0.295221 0.089356
0.285637 0.089451
0.276379 0.089440
0.267389 0.089329
0.258608 0.089121
0.249984 0.088821
0.241478 0.088436
0.233056 0.087972
0.224696 0.087434
0.216378 0.086832
0.208101 0.086168
0.199881 0.085442
0.191758 0.084643
0.183792 0.083756
0.176055 0.082763
0.168613 0.081646
0.161516 0.080393
0.154780 0.078998
0.148383 0.077464
0.142263 0.075803
0.136327 0.074029
0.130462 0.072163
0.124553 0.070226
0.118503 0.068237
0.112248 0.066213
0.105766 0.064162
0.099066 0.062088
0.092187 0.059991
0.085180 0.057870
0.078107 0.055720
0.071037 0.053540
0.064051 0.051329
0.057242 0.049087
0.050712 0.046818
0.044563 0.044531
0.038881 0.042238
0.033724 0.039958
0.029120 0.037712
0.025063 0.035522
0.021525 0.033407
0.018462 0.031386
0.015821 0.029470
0.013546 0.027669
0.011592 0.025987
0.009923 0.024423
0.008499 0.022977
0.007273 0.021646
0.006204 0.020424
0.005258 0.019301
0.004412 0.018269
0.003697 0.017304
0.003066 0.016343
0.002432 0.015343
0.001813 0.014309
0.001234 0.013247
0.000727 0.012166
0.000334 0.011082
0.000086 0.010003
0.000000 0.008933
0.000106 0.007879
0.000453 0.006855
0.001093 0.005873
0.002086 0.004948
0.003500 0.004097
0.005416 0.003341
0.007927 0.002704
0.011137 0.002214
0.015164 0.001899
0.020131 0.001787
0.648111 0.032924
0.662628 0.029141
0.676950 0.025340
0.691051 0.021511
0.704852 0.017645
0.718259 0.013745
0.731233 0.009850
0.743816 0.006033
0.756069 0.002378
0.767994 -0.001053
0.779505 -0.004235
0.790479 -0.007178
0.800823 -0.009909
0.810536 -0.012459
0.819708 -0.014846
0.828484 -0.017088
0.837011 -0.019198
0.845390 -0.021199
0.853645 -0.023122
0.861744 -0.025003
0.869626 -0.026881
0.877246 -0.028783
0.884598 -0.030726
0.891716 -0.032718
0.898666 -0.034755
0.905524 -0.036831
0.912366 -0.038930
0.919256 -0.041038
0.926228 -0.043134
0.933279 -0.045200
0.940360 -0.047216
0.947376 -0.049167
0.954200 -0.051044
0.960698 -0.052839
0.966754 -0.054550
0.972285 -0.056175
0.977252 -0.057716
0.981653 -0.059174
0.985513 -0.060553
0.988875 -0.061855
0.991790 -0.063082
0.994311 -0.064239
0.996490 -0.065329
0.999971 -0.067608
0.998315 -0.067241
0.996467 -0.066846
0.994401 -0.066421
0.992083 -0.065964
0.989474 -0.065471
0.986531 -0.064942
0.983204 -0.064373
0.979442 -0.063764
0.975188 -0.063112
0.970392 -0.062419
0.965011 -0.061687
0.959020 -0.060921
0.952422 -0.060131
0.945252 -0.059330
0.937577 -0.058535
0.929490 -0.057770
0.921090 -0.057056
0.912480 -0.056416
0.903755 -0.055862
0.895008 -0.055399
0.886331 -0.055017
0.877811 -0.054700
0.869516 -0.054424
0.861482 -0.054167
0.853709 -0.053909
0.846156 -0.053637
0.838753 -0.053342
0.831397 -0.053023
0.823966 -0.052683
0.816313 -0.052331
0.808272 -0.051976
0.799664 -0.051629
0.790311 -0.051301
0.780070 -0.050996
0.768871 -0.050712
0.756752 -0.050441
0.743868 -0.050170
0.730447 -0.049886
0.716725 -0.049576
0.702888 -0.049232
0.689041 -0.048848
0.675213 -0.048419
0.661382 -0.047941
0.647501 -0.047410
0.633524 -0.046827
0.619417 -0.046193
0.605165 -0.045512
0.590769 -0.044786
0.576242 -0.044020
0.561608 -0.043216
0.546893 -0.042376
0.532124 -0.041504
0.517332 -0.040599
0.502547 -0.039662
0.487797 -0.038697
0.473109 -0.037706
0.458508 -0.036694
0.444028 -0.035659
0.429710 -0.034592
0.415599 -0.033504
0.401740 -0.032411
0.388172 -0.031307
0.374922 -0.030187
0.362011 -0.029052
0.349456 -0.027906
0.337267 -0.026751
0.325453 -0.025590
0.314021 -0.024425
0.302973 -0.023257
0.292305 -0.022088
0.282011 -0.020917
0.272080 -0.019749
0.262494 -0.018583
0.253232 -0.017424
0.244270 -0.016273
0.235581 -0.015132
0.227137 -0.014002
0.218907 -0.012884
0.210858 -0.011774
0.202954 -0.010671
0.195151 -0.009569
0.187402 -0.008464
0.179651 -0.007353
0.171833 -0.006230
0.163879 -0.005092
0.155708 -0.003939
0.147234 -0.002771
0.138365 -0.001597
0.129006 -0.000433
0.119075 0.000690
0.108517 0.001721
0.097350 0.002588
0.085715 0.003205
0.073911 0.003499
0.062378 0.003449
0.051578 0.003120
0.041858 0.002652
0.033383 0.002202
0.026166 0.001893
1.000000 -0.067317
0.998372 -0.066354
